(kicad_pcb (version 20171130) (host pcbnew "(5.0.1)-4")

  (general
    (thickness 1.6)
    (drawings 6)
    (tracks 88)
    (zones 0)
    (modules 24)
    (nets 19)
  )

  (page A4)
  (layers
    (0 F.Cu signal)
    (31 B.Cu signal)
    (32 B.Adhes user)
    (33 F.Adhes user)
    (34 B.Paste user)
    (35 F.Paste user)
    (36 B.SilkS user)
    (37 F.SilkS user)
    (38 B.Mask user)
    (39 F.Mask user)
    (40 Dwgs.User user)
    (41 Cmts.User user)
    (42 Eco1.User user)
    (43 Eco2.User user)
    (44 Edge.Cuts user)
    (45 Margin user)
    (46 B.CrtYd user)
    (47 F.CrtYd user)
    (48 B.Fab user)
    (49 F.Fab user)
  )

  (setup
    (last_trace_width 1)
    (user_trace_width 0.5)
    (user_trace_width 1)
    (trace_clearance 0.2)
    (zone_clearance 0.508)
    (zone_45_only no)
    (trace_min 0.2)
    (segment_width 0.2)
    (edge_width 0.15)
    (via_size 0.8)
    (via_drill 0.4)
    (via_min_size 0.4)
    (via_min_drill 0.3)
    (user_via 2 0.5)
    (uvia_size 0.3)
    (uvia_drill 0.1)
    (uvias_allowed no)
    (uvia_min_size 0.2)
    (uvia_min_drill 0.1)
    (pcb_text_width 0.3)
    (pcb_text_size 1.5 1.5)
    (mod_edge_width 0.15)
    (mod_text_size 1 1)
    (mod_text_width 0.15)
    (pad_size 1.524 1.524)
    (pad_drill 0.762)
    (pad_to_mask_clearance 0.051)
    (solder_mask_min_width 0.25)
    (aux_axis_origin 0 0)
    (grid_origin 78.75 52.5)
    (visible_elements FFFFFF7F)
    (pcbplotparams
      (layerselection 0x010f0_ffffffff)
      (usegerberextensions true)
      (usegerberattributes false)
      (usegerberadvancedattributes false)
      (creategerberjobfile false)
      (excludeedgelayer true)
      (linewidth 0.100000)
      (plotframeref false)
      (viasonmask false)
      (mode 1)
      (useauxorigin false)
      (hpglpennumber 1)
      (hpglpenspeed 20)
      (hpglpendiameter 15.000000)
      (psnegative false)
      (psa4output false)
      (plotreference true)
      (plotvalue true)
      (plotinvisibletext false)
      (padsonsilk false)
      (subtractmaskfromsilk false)
      (outputformat 1)
      (mirror false)
      (drillshape 0)
      (scaleselection 1)
      (outputdirectory "MicBiasBox-Split-Output/"))
  )

  (net 0 "")
  (net 1 GND)
  (net 2 "Net-(C1-Pad1)")
  (net 3 "Net-(C2-Pad1)")
  (net 4 "Net-(C3-Pad2)")
  (net 5 "Net-(C3-Pad1)")
  (net 6 "Net-(C4-Pad1)")
  (net 7 "Net-(C4-Pad2)")
  (net 8 "Net-(C5-Pad2)")
  (net 9 "Net-(C5-Pad1)")
  (net 10 "Net-(C6-Pad1)")
  (net 11 "Net-(C6-Pad2)")
  (net 12 "Net-(J10-PadR)")
  (net 13 "Net-(J7-Pad2)")
  (net 14 "Net-(J7-Pad3)")
  (net 15 "Net-(J10-PadT)")
  (net 16 "Net-(J11-PadT)")
  (net 17 "Net-(J1-Pad1)")
  (net 18 "Net-(J1-Pad2)")

  (net_class Default "This is the default net class."
    (clearance 0.2)
    (trace_width 0.25)
    (via_dia 0.8)
    (via_drill 0.4)
    (uvia_dia 0.3)
    (uvia_drill 0.1)
    (add_net GND)
    (add_net "Net-(C1-Pad1)")
    (add_net "Net-(C2-Pad1)")
    (add_net "Net-(C3-Pad1)")
    (add_net "Net-(C3-Pad2)")
    (add_net "Net-(C4-Pad1)")
    (add_net "Net-(C4-Pad2)")
    (add_net "Net-(C5-Pad1)")
    (add_net "Net-(C5-Pad2)")
    (add_net "Net-(C6-Pad1)")
    (add_net "Net-(C6-Pad2)")
    (add_net "Net-(J1-Pad1)")
    (add_net "Net-(J1-Pad2)")
    (add_net "Net-(J10-PadR)")
    (add_net "Net-(J10-PadT)")
    (add_net "Net-(J11-PadT)")
    (add_net "Net-(J7-Pad2)")
    (add_net "Net-(J7-Pad3)")
  )

  (module Capacitor_SMD:C_1206_3216Metric_Pad1.42x1.75mm_HandSolder (layer F.Cu) (tedit 5B301BBE) (tstamp 5C32A229)
    (at 151 73.5 90)
    (descr "Capacitor SMD 1206 (3216 Metric), square (rectangular) end terminal, IPC_7351 nominal with elongated pad for handsoldering. (Body size source: http://www.tortai-tech.com/upload/download/2011102023233369053.pdf), generated with kicad-footprint-generator")
    (tags "capacitor handsolder")
    (path /5C02BFF4)
    (attr smd)
    (fp_text reference C1 (at 0 -1.82 90) (layer F.SilkS)
      (effects (font (size 1 1) (thickness 0.15)))
    )
    (fp_text value C (at 0 1.82 90) (layer F.Fab)
      (effects (font (size 1 1) (thickness 0.15)))
    )
    (fp_text user %R (at 0 0 90) (layer F.Fab)
      (effects (font (size 0.8 0.8) (thickness 0.12)))
    )
    (fp_line (start 2.45 1.12) (end -2.45 1.12) (layer F.CrtYd) (width 0.05))
    (fp_line (start 2.45 -1.12) (end 2.45 1.12) (layer F.CrtYd) (width 0.05))
    (fp_line (start -2.45 -1.12) (end 2.45 -1.12) (layer F.CrtYd) (width 0.05))
    (fp_line (start -2.45 1.12) (end -2.45 -1.12) (layer F.CrtYd) (width 0.05))
    (fp_line (start -0.602064 0.91) (end 0.602064 0.91) (layer F.SilkS) (width 0.12))
    (fp_line (start -0.602064 -0.91) (end 0.602064 -0.91) (layer F.SilkS) (width 0.12))
    (fp_line (start 1.6 0.8) (end -1.6 0.8) (layer F.Fab) (width 0.1))
    (fp_line (start 1.6 -0.8) (end 1.6 0.8) (layer F.Fab) (width 0.1))
    (fp_line (start -1.6 -0.8) (end 1.6 -0.8) (layer F.Fab) (width 0.1))
    (fp_line (start -1.6 0.8) (end -1.6 -0.8) (layer F.Fab) (width 0.1))
    (pad 2 smd roundrect (at 1.4875 0 90) (size 1.425 1.75) (layers F.Cu F.Paste F.Mask) (roundrect_rratio 0.175439)
      (net 1 GND))
    (pad 1 smd roundrect (at -1.4875 0 90) (size 1.425 1.75) (layers F.Cu F.Paste F.Mask) (roundrect_rratio 0.175439)
      (net 2 "Net-(C1-Pad1)"))
    (model ${KISYS3DMOD}/Capacitor_SMD.3dshapes/C_1206_3216Metric.wrl
      (at (xyz 0 0 0))
      (scale (xyz 1 1 1))
      (rotate (xyz 0 0 0))
    )
  )

  (module Capacitor_SMD:C_1206_3216Metric_Pad1.42x1.75mm_HandSolder (layer F.Cu) (tedit 5B301BBE) (tstamp 5C32A23A)
    (at 146.25 78)
    (descr "Capacitor SMD 1206 (3216 Metric), square (rectangular) end terminal, IPC_7351 nominal with elongated pad for handsoldering. (Body size source: http://www.tortai-tech.com/upload/download/2011102023233369053.pdf), generated with kicad-footprint-generator")
    (tags "capacitor handsolder")
    (path /5C02C096)
    (attr smd)
    (fp_text reference C2 (at 0 -1.82) (layer F.SilkS)
      (effects (font (size 1 1) (thickness 0.15)))
    )
    (fp_text value C (at 0 1.82) (layer F.Fab)
      (effects (font (size 1 1) (thickness 0.15)))
    )
    (fp_line (start -1.6 0.8) (end -1.6 -0.8) (layer F.Fab) (width 0.1))
    (fp_line (start -1.6 -0.8) (end 1.6 -0.8) (layer F.Fab) (width 0.1))
    (fp_line (start 1.6 -0.8) (end 1.6 0.8) (layer F.Fab) (width 0.1))
    (fp_line (start 1.6 0.8) (end -1.6 0.8) (layer F.Fab) (width 0.1))
    (fp_line (start -0.602064 -0.91) (end 0.602064 -0.91) (layer F.SilkS) (width 0.12))
    (fp_line (start -0.602064 0.91) (end 0.602064 0.91) (layer F.SilkS) (width 0.12))
    (fp_line (start -2.45 1.12) (end -2.45 -1.12) (layer F.CrtYd) (width 0.05))
    (fp_line (start -2.45 -1.12) (end 2.45 -1.12) (layer F.CrtYd) (width 0.05))
    (fp_line (start 2.45 -1.12) (end 2.45 1.12) (layer F.CrtYd) (width 0.05))
    (fp_line (start 2.45 1.12) (end -2.45 1.12) (layer F.CrtYd) (width 0.05))
    (fp_text user %R (at 0 0) (layer F.Fab)
      (effects (font (size 0.8 0.8) (thickness 0.12)))
    )
    (pad 1 smd roundrect (at -1.4875 0) (size 1.425 1.75) (layers F.Cu F.Paste F.Mask) (roundrect_rratio 0.175439)
      (net 3 "Net-(C2-Pad1)"))
    (pad 2 smd roundrect (at 1.4875 0) (size 1.425 1.75) (layers F.Cu F.Paste F.Mask) (roundrect_rratio 0.175439)
      (net 1 GND))
    (model ${KISYS3DMOD}/Capacitor_SMD.3dshapes/C_1206_3216Metric.wrl
      (at (xyz 0 0 0))
      (scale (xyz 1 1 1))
      (rotate (xyz 0 0 0))
    )
  )

  (module Capacitor_SMD:C_1206_3216Metric_Pad1.42x1.75mm_HandSolder (layer F.Cu) (tedit 5B301BBE) (tstamp 5C32A24B)
    (at 146.75 90)
    (descr "Capacitor SMD 1206 (3216 Metric), square (rectangular) end terminal, IPC_7351 nominal with elongated pad for handsoldering. (Body size source: http://www.tortai-tech.com/upload/download/2011102023233369053.pdf), generated with kicad-footprint-generator")
    (tags "capacitor handsolder")
    (path /5C062E2D)
    (attr smd)
    (fp_text reference C3 (at 0 -1.82) (layer F.SilkS)
      (effects (font (size 1 1) (thickness 0.15)))
    )
    (fp_text value C (at 0 1.82) (layer F.Fab)
      (effects (font (size 1 1) (thickness 0.15)))
    )
    (fp_text user %R (at 0 0) (layer F.Fab)
      (effects (font (size 0.8 0.8) (thickness 0.12)))
    )
    (fp_line (start 2.45 1.12) (end -2.45 1.12) (layer F.CrtYd) (width 0.05))
    (fp_line (start 2.45 -1.12) (end 2.45 1.12) (layer F.CrtYd) (width 0.05))
    (fp_line (start -2.45 -1.12) (end 2.45 -1.12) (layer F.CrtYd) (width 0.05))
    (fp_line (start -2.45 1.12) (end -2.45 -1.12) (layer F.CrtYd) (width 0.05))
    (fp_line (start -0.602064 0.91) (end 0.602064 0.91) (layer F.SilkS) (width 0.12))
    (fp_line (start -0.602064 -0.91) (end 0.602064 -0.91) (layer F.SilkS) (width 0.12))
    (fp_line (start 1.6 0.8) (end -1.6 0.8) (layer F.Fab) (width 0.1))
    (fp_line (start 1.6 -0.8) (end 1.6 0.8) (layer F.Fab) (width 0.1))
    (fp_line (start -1.6 -0.8) (end 1.6 -0.8) (layer F.Fab) (width 0.1))
    (fp_line (start -1.6 0.8) (end -1.6 -0.8) (layer F.Fab) (width 0.1))
    (pad 2 smd roundrect (at 1.4875 0) (size 1.425 1.75) (layers F.Cu F.Paste F.Mask) (roundrect_rratio 0.175439)
      (net 4 "Net-(C3-Pad2)"))
    (pad 1 smd roundrect (at -1.4875 0) (size 1.425 1.75) (layers F.Cu F.Paste F.Mask) (roundrect_rratio 0.175439)
      (net 5 "Net-(C3-Pad1)"))
    (model ${KISYS3DMOD}/Capacitor_SMD.3dshapes/C_1206_3216Metric.wrl
      (at (xyz 0 0 0))
      (scale (xyz 1 1 1))
      (rotate (xyz 0 0 0))
    )
  )

  (module Capacitor_SMD:C_1206_3216Metric_Pad1.42x1.75mm_HandSolder (layer F.Cu) (tedit 5B301BBE) (tstamp 5C32A25C)
    (at 146.75 93.75)
    (descr "Capacitor SMD 1206 (3216 Metric), square (rectangular) end terminal, IPC_7351 nominal with elongated pad for handsoldering. (Body size source: http://www.tortai-tech.com/upload/download/2011102023233369053.pdf), generated with kicad-footprint-generator")
    (tags "capacitor handsolder")
    (path /5C062EDC)
    (attr smd)
    (fp_text reference C4 (at 0 -1.82) (layer F.SilkS)
      (effects (font (size 1 1) (thickness 0.15)))
    )
    (fp_text value C (at 0 1.82) (layer F.Fab)
      (effects (font (size 1 1) (thickness 0.15)))
    )
    (fp_line (start -1.6 0.8) (end -1.6 -0.8) (layer F.Fab) (width 0.1))
    (fp_line (start -1.6 -0.8) (end 1.6 -0.8) (layer F.Fab) (width 0.1))
    (fp_line (start 1.6 -0.8) (end 1.6 0.8) (layer F.Fab) (width 0.1))
    (fp_line (start 1.6 0.8) (end -1.6 0.8) (layer F.Fab) (width 0.1))
    (fp_line (start -0.602064 -0.91) (end 0.602064 -0.91) (layer F.SilkS) (width 0.12))
    (fp_line (start -0.602064 0.91) (end 0.602064 0.91) (layer F.SilkS) (width 0.12))
    (fp_line (start -2.45 1.12) (end -2.45 -1.12) (layer F.CrtYd) (width 0.05))
    (fp_line (start -2.45 -1.12) (end 2.45 -1.12) (layer F.CrtYd) (width 0.05))
    (fp_line (start 2.45 -1.12) (end 2.45 1.12) (layer F.CrtYd) (width 0.05))
    (fp_line (start 2.45 1.12) (end -2.45 1.12) (layer F.CrtYd) (width 0.05))
    (fp_text user %R (at 0 0) (layer F.Fab)
      (effects (font (size 0.8 0.8) (thickness 0.12)))
    )
    (pad 1 smd roundrect (at -1.4875 0) (size 1.425 1.75) (layers F.Cu F.Paste F.Mask) (roundrect_rratio 0.175439)
      (net 6 "Net-(C4-Pad1)"))
    (pad 2 smd roundrect (at 1.4875 0) (size 1.425 1.75) (layers F.Cu F.Paste F.Mask) (roundrect_rratio 0.175439)
      (net 7 "Net-(C4-Pad2)"))
    (model ${KISYS3DMOD}/Capacitor_SMD.3dshapes/C_1206_3216Metric.wrl
      (at (xyz 0 0 0))
      (scale (xyz 1 1 1))
      (rotate (xyz 0 0 0))
    )
  )

  (module Capacitor_SMD:C_1206_3216Metric_Pad1.42x1.75mm_HandSolder (layer F.Cu) (tedit 5B301BBE) (tstamp 5C32A26D)
    (at 146.75 97.75)
    (descr "Capacitor SMD 1206 (3216 Metric), square (rectangular) end terminal, IPC_7351 nominal with elongated pad for handsoldering. (Body size source: http://www.tortai-tech.com/upload/download/2011102023233369053.pdf), generated with kicad-footprint-generator")
    (tags "capacitor handsolder")
    (path /5C062F6B)
    (attr smd)
    (fp_text reference C5 (at 0 -1.82) (layer F.SilkS)
      (effects (font (size 1 1) (thickness 0.15)))
    )
    (fp_text value C (at 0 1.82) (layer F.Fab)
      (effects (font (size 1 1) (thickness 0.15)))
    )
    (fp_text user %R (at 0 0) (layer F.Fab)
      (effects (font (size 0.8 0.8) (thickness 0.12)))
    )
    (fp_line (start 2.45 1.12) (end -2.45 1.12) (layer F.CrtYd) (width 0.05))
    (fp_line (start 2.45 -1.12) (end 2.45 1.12) (layer F.CrtYd) (width 0.05))
    (fp_line (start -2.45 -1.12) (end 2.45 -1.12) (layer F.CrtYd) (width 0.05))
    (fp_line (start -2.45 1.12) (end -2.45 -1.12) (layer F.CrtYd) (width 0.05))
    (fp_line (start -0.602064 0.91) (end 0.602064 0.91) (layer F.SilkS) (width 0.12))
    (fp_line (start -0.602064 -0.91) (end 0.602064 -0.91) (layer F.SilkS) (width 0.12))
    (fp_line (start 1.6 0.8) (end -1.6 0.8) (layer F.Fab) (width 0.1))
    (fp_line (start 1.6 -0.8) (end 1.6 0.8) (layer F.Fab) (width 0.1))
    (fp_line (start -1.6 -0.8) (end 1.6 -0.8) (layer F.Fab) (width 0.1))
    (fp_line (start -1.6 0.8) (end -1.6 -0.8) (layer F.Fab) (width 0.1))
    (pad 2 smd roundrect (at 1.4875 0) (size 1.425 1.75) (layers F.Cu F.Paste F.Mask) (roundrect_rratio 0.175439)
      (net 8 "Net-(C5-Pad2)"))
    (pad 1 smd roundrect (at -1.4875 0) (size 1.425 1.75) (layers F.Cu F.Paste F.Mask) (roundrect_rratio 0.175439)
      (net 9 "Net-(C5-Pad1)"))
    (model ${KISYS3DMOD}/Capacitor_SMD.3dshapes/C_1206_3216Metric.wrl
      (at (xyz 0 0 0))
      (scale (xyz 1 1 1))
      (rotate (xyz 0 0 0))
    )
  )

  (module Capacitor_SMD:C_1206_3216Metric_Pad1.42x1.75mm_HandSolder (layer F.Cu) (tedit 5B301BBE) (tstamp 5C32A27E)
    (at 147 101.75)
    (descr "Capacitor SMD 1206 (3216 Metric), square (rectangular) end terminal, IPC_7351 nominal with elongated pad for handsoldering. (Body size source: http://www.tortai-tech.com/upload/download/2011102023233369053.pdf), generated with kicad-footprint-generator")
    (tags "capacitor handsolder")
    (path /5C063007)
    (attr smd)
    (fp_text reference C6 (at 0 -1.82) (layer F.SilkS)
      (effects (font (size 1 1) (thickness 0.15)))
    )
    (fp_text value C (at 0 1.82) (layer F.Fab)
      (effects (font (size 1 1) (thickness 0.15)))
    )
    (fp_line (start -1.6 0.8) (end -1.6 -0.8) (layer F.Fab) (width 0.1))
    (fp_line (start -1.6 -0.8) (end 1.6 -0.8) (layer F.Fab) (width 0.1))
    (fp_line (start 1.6 -0.8) (end 1.6 0.8) (layer F.Fab) (width 0.1))
    (fp_line (start 1.6 0.8) (end -1.6 0.8) (layer F.Fab) (width 0.1))
    (fp_line (start -0.602064 -0.91) (end 0.602064 -0.91) (layer F.SilkS) (width 0.12))
    (fp_line (start -0.602064 0.91) (end 0.602064 0.91) (layer F.SilkS) (width 0.12))
    (fp_line (start -2.45 1.12) (end -2.45 -1.12) (layer F.CrtYd) (width 0.05))
    (fp_line (start -2.45 -1.12) (end 2.45 -1.12) (layer F.CrtYd) (width 0.05))
    (fp_line (start 2.45 -1.12) (end 2.45 1.12) (layer F.CrtYd) (width 0.05))
    (fp_line (start 2.45 1.12) (end -2.45 1.12) (layer F.CrtYd) (width 0.05))
    (fp_text user %R (at 0 0) (layer F.Fab)
      (effects (font (size 0.8 0.8) (thickness 0.12)))
    )
    (pad 1 smd roundrect (at -1.4875 0) (size 1.425 1.75) (layers F.Cu F.Paste F.Mask) (roundrect_rratio 0.175439)
      (net 10 "Net-(C6-Pad1)"))
    (pad 2 smd roundrect (at 1.4875 0) (size 1.425 1.75) (layers F.Cu F.Paste F.Mask) (roundrect_rratio 0.175439)
      (net 11 "Net-(C6-Pad2)"))
    (model ${KISYS3DMOD}/Capacitor_SMD.3dshapes/C_1206_3216Metric.wrl
      (at (xyz 0 0 0))
      (scale (xyz 1 1 1))
      (rotate (xyz 0 0 0))
    )
  )

  (module M0VFC:Cliff_FC68148S_2.1mm_DC_Jack_SMD (layer F.Cu) (tedit 5C01811A) (tstamp 5C32A293)
    (at 178.75 69 180)
    (path /5C02C197)
    (fp_text reference J1 (at 6.85 -5.95 180) (layer F.SilkS)
      (effects (font (size 1 1) (thickness 0.15)))
    )
    (fp_text value Barrel_Jack (at 6.85 -6.95 180) (layer F.Fab)
      (effects (font (size 1 1) (thickness 0.15)))
    )
    (fp_line (start 0 -4.45) (end 14.7 -4.45) (layer F.CrtYd) (width 0.15))
    (fp_line (start 14.7 -4.45) (end 14.7 4.45) (layer F.CrtYd) (width 0.15))
    (fp_line (start 14.7 4.45) (end 0 4.45) (layer F.CrtYd) (width 0.15))
    (fp_line (start 0 4.45) (end 0 -4.45) (layer F.CrtYd) (width 0.15))
    (fp_line (start 0 4.4) (end 14.7 4.45) (layer F.SilkS) (width 0.15))
    (fp_line (start 14.7 4.45) (end 14.7 -4.45) (layer F.SilkS) (width 0.15))
    (fp_line (start 14.7 -4.45) (end 0 -4.45) (layer F.SilkS) (width 0.15))
    (fp_line (start 0 -4.45) (end 0 4.4) (layer F.SilkS) (width 0.15))
    (fp_line (start -0.05 -3.05) (end 2.05 -3.05) (layer F.SilkS) (width 0.15))
    (fp_line (start 0 3) (end 2.05 3) (layer F.SilkS) (width 0.15))
    (fp_line (start 2.05 3) (end 2.05 -3.1) (layer F.SilkS) (width 0.15))
    (pad 1 smd rect (at 5 -5.95 180) (size 2.5 3.5) (layers F.Cu F.Paste F.Mask)
      (net 17 "Net-(J1-Pad1)"))
    (pad 1 smd rect (at 11 -5.95 180) (size 2.5 3.5) (layers F.Cu F.Paste F.Mask)
      (net 17 "Net-(J1-Pad1)"))
    (pad 2 smd rect (at 11 5.95 180) (size 2.5 3.5) (layers F.Cu F.Paste F.Mask)
      (net 18 "Net-(J1-Pad2)"))
    (pad 3 smd rect (at 5 5.95 180) (size 2.5 3.5) (layers F.Cu F.Paste F.Mask))
    (pad "" np_thru_hole circle (at 5.1 0 180) (size 2.5 2.5) (drill 2) (layers *.Cu *.Mask))
    (pad "" np_thru_hole circle (at 9.5 0 180) (size 2.5 2.5) (drill 2) (layers *.Cu *.Mask))
  )

  (module M0VFC:Cliff_FCR1295_S9_BBB_3.5mm_Jack_Stereo (layer F.Cu) (tedit 5C019648) (tstamp 5C32A2A4)
    (at 176.25 85.75 180)
    (path /5C02C283)
    (fp_text reference J2 (at 0 -6.7 180) (layer F.SilkS)
      (effects (font (size 1 1) (thickness 0.15)))
    )
    (fp_text value AudioJack3_Switch (at 0 -7.7 180) (layer F.Fab)
      (effects (font (size 1 1) (thickness 0.15)))
    )
    (fp_line (start -2.4 5.4) (end -2.4 -5.4) (layer F.CrtYd) (width 0.15))
    (fp_line (start -2.4 -5.4) (end 10 -5.4) (layer F.CrtYd) (width 0.15))
    (fp_line (start 10 -5.4) (end 10 5.4) (layer F.CrtYd) (width 0.15))
    (fp_line (start 10 5.4) (end -2.4 5.4) (layer F.CrtYd) (width 0.15))
    (fp_line (start -2.4 3.5) (end -3.9 3.5) (layer F.CrtYd) (width 0.15))
    (fp_line (start -3.9 3.5) (end -3.9 -3.5) (layer F.CrtYd) (width 0.15))
    (fp_line (start -3.9 -3.5) (end -2.4 -3.5) (layer F.CrtYd) (width 0.15))
    (pad SN thru_hole circle (at 0 -4.7 180) (size 1.524 1.524) (drill 0.762) (layers *.Cu *.Mask)
      (net 1 GND))
    (pad RN thru_hole circle (at 3.8 -4.7 180) (size 1.524 1.524) (drill 0.762) (layers *.Cu *.Mask)
      (net 1 GND))
    (pad TN thru_hole circle (at 7.6 -4.7 180) (size 1.524 1.524) (drill 0.762) (layers *.Cu *.Mask)
      (net 4 "Net-(C3-Pad2)"))
    (pad S thru_hole circle (at 0 4.7 180) (size 1.524 1.524) (drill 0.762) (layers *.Cu *.Mask)
      (net 1 GND))
    (pad R thru_hole circle (at 3.8 4.7 180) (size 1.524 1.524) (drill 0.762) (layers *.Cu *.Mask)
      (net 1 GND))
    (pad T thru_hole circle (at 7.6 4.7 180) (size 1.524 1.524) (drill 0.762) (layers *.Cu *.Mask)
      (net 4 "Net-(C3-Pad2)"))
  )

  (module M0VFC:Cliff_FCR1295_S9_BBB_3.5mm_Jack_Stereo (layer F.Cu) (tedit 5C019648) (tstamp 5C32A2B5)
    (at 176.25 102.25 180)
    (path /5C02C2D9)
    (fp_text reference J3 (at 0 -6.7 180) (layer F.SilkS)
      (effects (font (size 1 1) (thickness 0.15)))
    )
    (fp_text value AudioJack3_Switch (at 0 -7.7 180) (layer F.Fab)
      (effects (font (size 1 1) (thickness 0.15)))
    )
    (fp_line (start -3.9 -3.5) (end -2.4 -3.5) (layer F.CrtYd) (width 0.15))
    (fp_line (start -3.9 3.5) (end -3.9 -3.5) (layer F.CrtYd) (width 0.15))
    (fp_line (start -2.4 3.5) (end -3.9 3.5) (layer F.CrtYd) (width 0.15))
    (fp_line (start 10 5.4) (end -2.4 5.4) (layer F.CrtYd) (width 0.15))
    (fp_line (start 10 -5.4) (end 10 5.4) (layer F.CrtYd) (width 0.15))
    (fp_line (start -2.4 -5.4) (end 10 -5.4) (layer F.CrtYd) (width 0.15))
    (fp_line (start -2.4 5.4) (end -2.4 -5.4) (layer F.CrtYd) (width 0.15))
    (pad T thru_hole circle (at 7.6 4.7 180) (size 1.524 1.524) (drill 0.762) (layers *.Cu *.Mask)
      (net 7 "Net-(C4-Pad2)"))
    (pad R thru_hole circle (at 3.8 4.7 180) (size 1.524 1.524) (drill 0.762) (layers *.Cu *.Mask)
      (net 1 GND))
    (pad S thru_hole circle (at 0 4.7 180) (size 1.524 1.524) (drill 0.762) (layers *.Cu *.Mask)
      (net 1 GND))
    (pad TN thru_hole circle (at 7.6 -4.7 180) (size 1.524 1.524) (drill 0.762) (layers *.Cu *.Mask)
      (net 7 "Net-(C4-Pad2)"))
    (pad RN thru_hole circle (at 3.8 -4.7 180) (size 1.524 1.524) (drill 0.762) (layers *.Cu *.Mask)
      (net 1 GND))
    (pad SN thru_hole circle (at 0 -4.7 180) (size 1.524 1.524) (drill 0.762) (layers *.Cu *.Mask)
      (net 1 GND))
  )

  (module M0VFC:Cliff_FCR1295_S9_BBB_3.5mm_Jack_Stereo (layer F.Cu) (tedit 5C019648) (tstamp 5C32A2C6)
    (at 176.25 118.75 180)
    (path /5C02C31B)
    (fp_text reference J4 (at 0 -6.7 180) (layer F.SilkS)
      (effects (font (size 1 1) (thickness 0.15)))
    )
    (fp_text value AudioJack3_Switch (at 0 -7.7 180) (layer F.Fab)
      (effects (font (size 1 1) (thickness 0.15)))
    )
    (fp_line (start -2.4 5.4) (end -2.4 -5.4) (layer F.CrtYd) (width 0.15))
    (fp_line (start -2.4 -5.4) (end 10 -5.4) (layer F.CrtYd) (width 0.15))
    (fp_line (start 10 -5.4) (end 10 5.4) (layer F.CrtYd) (width 0.15))
    (fp_line (start 10 5.4) (end -2.4 5.4) (layer F.CrtYd) (width 0.15))
    (fp_line (start -2.4 3.5) (end -3.9 3.5) (layer F.CrtYd) (width 0.15))
    (fp_line (start -3.9 3.5) (end -3.9 -3.5) (layer F.CrtYd) (width 0.15))
    (fp_line (start -3.9 -3.5) (end -2.4 -3.5) (layer F.CrtYd) (width 0.15))
    (pad SN thru_hole circle (at 0 -4.7 180) (size 1.524 1.524) (drill 0.762) (layers *.Cu *.Mask)
      (net 1 GND))
    (pad RN thru_hole circle (at 3.8 -4.7 180) (size 1.524 1.524) (drill 0.762) (layers *.Cu *.Mask)
      (net 1 GND))
    (pad TN thru_hole circle (at 7.6 -4.7 180) (size 1.524 1.524) (drill 0.762) (layers *.Cu *.Mask)
      (net 8 "Net-(C5-Pad2)"))
    (pad S thru_hole circle (at 0 4.7 180) (size 1.524 1.524) (drill 0.762) (layers *.Cu *.Mask)
      (net 1 GND))
    (pad R thru_hole circle (at 3.8 4.7 180) (size 1.524 1.524) (drill 0.762) (layers *.Cu *.Mask)
      (net 1 GND))
    (pad T thru_hole circle (at 7.6 4.7 180) (size 1.524 1.524) (drill 0.762) (layers *.Cu *.Mask)
      (net 8 "Net-(C5-Pad2)"))
  )

  (module M0VFC:Cliff_FCR1295_S9_BBB_3.5mm_Jack_Stereo (layer F.Cu) (tedit 5C019648) (tstamp 5C32A2D7)
    (at 176.25 135.25 180)
    (path /5C02C369)
    (fp_text reference J5 (at 0 -6.7 180) (layer F.SilkS)
      (effects (font (size 1 1) (thickness 0.15)))
    )
    (fp_text value AudioJack3_Switch (at 0 -7.7 180) (layer F.Fab)
      (effects (font (size 1 1) (thickness 0.15)))
    )
    (fp_line (start -3.9 -3.5) (end -2.4 -3.5) (layer F.CrtYd) (width 0.15))
    (fp_line (start -3.9 3.5) (end -3.9 -3.5) (layer F.CrtYd) (width 0.15))
    (fp_line (start -2.4 3.5) (end -3.9 3.5) (layer F.CrtYd) (width 0.15))
    (fp_line (start 10 5.4) (end -2.4 5.4) (layer F.CrtYd) (width 0.15))
    (fp_line (start 10 -5.4) (end 10 5.4) (layer F.CrtYd) (width 0.15))
    (fp_line (start -2.4 -5.4) (end 10 -5.4) (layer F.CrtYd) (width 0.15))
    (fp_line (start -2.4 5.4) (end -2.4 -5.4) (layer F.CrtYd) (width 0.15))
    (pad T thru_hole circle (at 7.6 4.7 180) (size 1.524 1.524) (drill 0.762) (layers *.Cu *.Mask)
      (net 11 "Net-(C6-Pad2)"))
    (pad R thru_hole circle (at 3.8 4.7 180) (size 1.524 1.524) (drill 0.762) (layers *.Cu *.Mask)
      (net 1 GND))
    (pad S thru_hole circle (at 0 4.7 180) (size 1.524 1.524) (drill 0.762) (layers *.Cu *.Mask)
      (net 1 GND))
    (pad TN thru_hole circle (at 7.6 -4.7 180) (size 1.524 1.524) (drill 0.762) (layers *.Cu *.Mask)
      (net 11 "Net-(C6-Pad2)"))
    (pad RN thru_hole circle (at 3.8 -4.7 180) (size 1.524 1.524) (drill 0.762) (layers *.Cu *.Mask)
      (net 1 GND))
    (pad SN thru_hole circle (at 0 -4.7 180) (size 1.524 1.524) (drill 0.762) (layers *.Cu *.Mask)
      (net 1 GND))
  )

  (module Connector_PinHeader_2.54mm:PinHeader_1x06_P2.54mm_Vertical (layer F.Cu) (tedit 59FED5CC) (tstamp 5C32A2F1)
    (at 141.25 87.5)
    (descr "Through hole straight pin header, 1x06, 2.54mm pitch, single row")
    (tags "Through hole pin header THT 1x06 2.54mm single row")
    (path /5C02C44F)
    (fp_text reference J6 (at 0 -2.33) (layer F.SilkS)
      (effects (font (size 1 1) (thickness 0.15)))
    )
    (fp_text value Conn_01x06_Male (at 0 15.03) (layer F.Fab)
      (effects (font (size 1 1) (thickness 0.15)))
    )
    (fp_text user %R (at 0 6.35 90) (layer F.Fab)
      (effects (font (size 1 1) (thickness 0.15)))
    )
    (fp_line (start 1.8 -1.8) (end -1.8 -1.8) (layer F.CrtYd) (width 0.05))
    (fp_line (start 1.8 14.5) (end 1.8 -1.8) (layer F.CrtYd) (width 0.05))
    (fp_line (start -1.8 14.5) (end 1.8 14.5) (layer F.CrtYd) (width 0.05))
    (fp_line (start -1.8 -1.8) (end -1.8 14.5) (layer F.CrtYd) (width 0.05))
    (fp_line (start -1.33 -1.33) (end 0 -1.33) (layer F.SilkS) (width 0.12))
    (fp_line (start -1.33 0) (end -1.33 -1.33) (layer F.SilkS) (width 0.12))
    (fp_line (start -1.33 1.27) (end 1.33 1.27) (layer F.SilkS) (width 0.12))
    (fp_line (start 1.33 1.27) (end 1.33 14.03) (layer F.SilkS) (width 0.12))
    (fp_line (start -1.33 1.27) (end -1.33 14.03) (layer F.SilkS) (width 0.12))
    (fp_line (start -1.33 14.03) (end 1.33 14.03) (layer F.SilkS) (width 0.12))
    (fp_line (start -1.27 -0.635) (end -0.635 -1.27) (layer F.Fab) (width 0.1))
    (fp_line (start -1.27 13.97) (end -1.27 -0.635) (layer F.Fab) (width 0.1))
    (fp_line (start 1.27 13.97) (end -1.27 13.97) (layer F.Fab) (width 0.1))
    (fp_line (start 1.27 -1.27) (end 1.27 13.97) (layer F.Fab) (width 0.1))
    (fp_line (start -0.635 -1.27) (end 1.27 -1.27) (layer F.Fab) (width 0.1))
    (pad 6 thru_hole oval (at 0 12.7) (size 1.7 1.7) (drill 1) (layers *.Cu *.Mask))
    (pad 5 thru_hole oval (at 0 10.16) (size 1.7 1.7) (drill 1) (layers *.Cu *.Mask)
      (net 10 "Net-(C6-Pad1)"))
    (pad 4 thru_hole oval (at 0 7.62) (size 1.7 1.7) (drill 1) (layers *.Cu *.Mask)
      (net 9 "Net-(C5-Pad1)"))
    (pad 3 thru_hole oval (at 0 5.08) (size 1.7 1.7) (drill 1) (layers *.Cu *.Mask)
      (net 6 "Net-(C4-Pad1)"))
    (pad 2 thru_hole oval (at 0 2.54) (size 1.7 1.7) (drill 1) (layers *.Cu *.Mask)
      (net 5 "Net-(C3-Pad1)"))
    (pad 1 thru_hole rect (at 0 0) (size 1.7 1.7) (drill 1) (layers *.Cu *.Mask)
      (net 1 GND))
    (model ${KISYS3DMOD}/Connector_PinHeader_2.54mm.3dshapes/PinHeader_1x06_P2.54mm_Vertical.wrl
      (at (xyz 0 0 0))
      (scale (xyz 1 1 1))
      (rotate (xyz 0 0 0))
    )
  )

  (module Connector_PinHeader_2.54mm:PinHeader_1x06_P2.54mm_Vertical (layer F.Cu) (tedit 59FED5CC) (tstamp 5C32A30B)
    (at 111.5 87.5)
    (descr "Through hole straight pin header, 1x06, 2.54mm pitch, single row")
    (tags "Through hole pin header THT 1x06 2.54mm single row")
    (path /5C02C5BD)
    (fp_text reference J7 (at 0 -2.33) (layer F.SilkS)
      (effects (font (size 1 1) (thickness 0.15)))
    )
    (fp_text value Conn_01x06_Male (at 0 15.03) (layer F.Fab)
      (effects (font (size 1 1) (thickness 0.15)))
    )
    (fp_text user %R (at 0 6.35 90) (layer F.Fab)
      (effects (font (size 1 1) (thickness 0.15)))
    )
    (fp_line (start 1.8 -1.8) (end -1.8 -1.8) (layer F.CrtYd) (width 0.05))
    (fp_line (start 1.8 14.5) (end 1.8 -1.8) (layer F.CrtYd) (width 0.05))
    (fp_line (start -1.8 14.5) (end 1.8 14.5) (layer F.CrtYd) (width 0.05))
    (fp_line (start -1.8 -1.8) (end -1.8 14.5) (layer F.CrtYd) (width 0.05))
    (fp_line (start -1.33 -1.33) (end 0 -1.33) (layer F.SilkS) (width 0.12))
    (fp_line (start -1.33 0) (end -1.33 -1.33) (layer F.SilkS) (width 0.12))
    (fp_line (start -1.33 1.27) (end 1.33 1.27) (layer F.SilkS) (width 0.12))
    (fp_line (start 1.33 1.27) (end 1.33 14.03) (layer F.SilkS) (width 0.12))
    (fp_line (start -1.33 1.27) (end -1.33 14.03) (layer F.SilkS) (width 0.12))
    (fp_line (start -1.33 14.03) (end 1.33 14.03) (layer F.SilkS) (width 0.12))
    (fp_line (start -1.27 -0.635) (end -0.635 -1.27) (layer F.Fab) (width 0.1))
    (fp_line (start -1.27 13.97) (end -1.27 -0.635) (layer F.Fab) (width 0.1))
    (fp_line (start 1.27 13.97) (end -1.27 13.97) (layer F.Fab) (width 0.1))
    (fp_line (start 1.27 -1.27) (end 1.27 13.97) (layer F.Fab) (width 0.1))
    (fp_line (start -0.635 -1.27) (end 1.27 -1.27) (layer F.Fab) (width 0.1))
    (pad 6 thru_hole oval (at 0 12.7) (size 1.7 1.7) (drill 1) (layers *.Cu *.Mask))
    (pad 5 thru_hole oval (at 0 10.16) (size 1.7 1.7) (drill 1) (layers *.Cu *.Mask)
      (net 16 "Net-(J11-PadT)"))
    (pad 4 thru_hole oval (at 0 7.62) (size 1.7 1.7) (drill 1) (layers *.Cu *.Mask)
      (net 15 "Net-(J10-PadT)"))
    (pad 3 thru_hole oval (at 0 5.08) (size 1.7 1.7) (drill 1) (layers *.Cu *.Mask)
      (net 14 "Net-(J7-Pad3)"))
    (pad 2 thru_hole oval (at 0 2.54) (size 1.7 1.7) (drill 1) (layers *.Cu *.Mask)
      (net 13 "Net-(J7-Pad2)"))
    (pad 1 thru_hole rect (at 0 0) (size 1.7 1.7) (drill 1) (layers *.Cu *.Mask)
      (net 12 "Net-(J10-PadR)"))
    (model ${KISYS3DMOD}/Connector_PinHeader_2.54mm.3dshapes/PinHeader_1x06_P2.54mm_Vertical.wrl
      (at (xyz 0 0 0))
      (scale (xyz 1 1 1))
      (rotate (xyz 0 0 0))
    )
  )

  (module M0VFC:Amphenol_ACJS_MHDR_6.35mm_Jack (layer F.Cu) (tedit 5C016D75) (tstamp 5C32A31C)
    (at 83 71.5)
    (path /5C02C6E1)
    (fp_text reference J8 (at 6.35 -9.01) (layer F.SilkS)
      (effects (font (size 1 1) (thickness 0.15)))
    )
    (fp_text value AudioJack3_Switch (at 6.35 -10.01) (layer F.Fab)
      (effects (font (size 1 1) (thickness 0.15)))
    )
    (fp_line (start -4.25 -8) (end -4.25 8) (layer F.CrtYd) (width 0.15))
    (fp_line (start -4.25 8) (end 20.15 8) (layer F.CrtYd) (width 0.15))
    (fp_line (start 20.15 8) (end 20.15 -8) (layer F.CrtYd) (width 0.15))
    (fp_line (start 20.15 -8) (end -4.25 -8) (layer F.CrtYd) (width 0.15))
    (fp_line (start -4.25 -8) (end -13.35 -8) (layer F.CrtYd) (width 0.15))
    (fp_line (start -13.35 -8) (end -13.35 8) (layer F.CrtYd) (width 0.15))
    (fp_line (start -13.35 8) (end -4.25 8) (layer F.CrtYd) (width 0.15))
    (pad SN thru_hole circle (at 0 -5.7) (size 3 3) (drill 1.5) (layers *.Cu *.Mask)
      (net 12 "Net-(J10-PadR)"))
    (pad RN thru_hole circle (at 6.35 -5.7) (size 3 3) (drill 1.5) (layers *.Cu *.Mask)
      (net 12 "Net-(J10-PadR)"))
    (pad TN thru_hole circle (at 12.7 -5.7) (size 3 3) (drill 1.5) (layers *.Cu *.Mask)
      (net 13 "Net-(J7-Pad2)"))
    (pad S thru_hole circle (at 0 5.73) (size 3 3) (drill 1.5) (layers *.Cu *.Mask)
      (net 12 "Net-(J10-PadR)"))
    (pad R thru_hole circle (at 6.35 5.73) (size 3 3) (drill 1.5) (layers *.Cu *.Mask)
      (net 12 "Net-(J10-PadR)"))
    (pad T thru_hole circle (at 12.7 5.73) (size 3 3) (drill 1.5) (layers *.Cu *.Mask)
      (net 13 "Net-(J7-Pad2)"))
  )

  (module M0VFC:Amphenol_ACJS_MHDR_6.35mm_Jack (layer F.Cu) (tedit 5C016D75) (tstamp 5C32A32D)
    (at 83 93.25)
    (path /5C02C6E8)
    (fp_text reference J9 (at 6.35 -9.01) (layer F.SilkS)
      (effects (font (size 1 1) (thickness 0.15)))
    )
    (fp_text value AudioJack3_Switch (at 6.35 -10.01) (layer F.Fab)
      (effects (font (size 1 1) (thickness 0.15)))
    )
    (fp_line (start -13.35 8) (end -4.25 8) (layer F.CrtYd) (width 0.15))
    (fp_line (start -13.35 -8) (end -13.35 8) (layer F.CrtYd) (width 0.15))
    (fp_line (start -4.25 -8) (end -13.35 -8) (layer F.CrtYd) (width 0.15))
    (fp_line (start 20.15 -8) (end -4.25 -8) (layer F.CrtYd) (width 0.15))
    (fp_line (start 20.15 8) (end 20.15 -8) (layer F.CrtYd) (width 0.15))
    (fp_line (start -4.25 8) (end 20.15 8) (layer F.CrtYd) (width 0.15))
    (fp_line (start -4.25 -8) (end -4.25 8) (layer F.CrtYd) (width 0.15))
    (pad T thru_hole circle (at 12.7 5.73) (size 3 3) (drill 1.5) (layers *.Cu *.Mask)
      (net 14 "Net-(J7-Pad3)"))
    (pad R thru_hole circle (at 6.35 5.73) (size 3 3) (drill 1.5) (layers *.Cu *.Mask)
      (net 12 "Net-(J10-PadR)"))
    (pad S thru_hole circle (at 0 5.73) (size 3 3) (drill 1.5) (layers *.Cu *.Mask)
      (net 12 "Net-(J10-PadR)"))
    (pad TN thru_hole circle (at 12.7 -5.7) (size 3 3) (drill 1.5) (layers *.Cu *.Mask)
      (net 14 "Net-(J7-Pad3)"))
    (pad RN thru_hole circle (at 6.35 -5.7) (size 3 3) (drill 1.5) (layers *.Cu *.Mask)
      (net 12 "Net-(J10-PadR)"))
    (pad SN thru_hole circle (at 0 -5.7) (size 3 3) (drill 1.5) (layers *.Cu *.Mask)
      (net 12 "Net-(J10-PadR)"))
  )

  (module M0VFC:Amphenol_ACJS_MHDR_6.35mm_Jack (layer F.Cu) (tedit 5C016D75) (tstamp 5C32A33E)
    (at 83 115)
    (path /5C02C6EF)
    (fp_text reference J10 (at 6.35 -9.01) (layer F.SilkS)
      (effects (font (size 1 1) (thickness 0.15)))
    )
    (fp_text value AudioJack3_Switch (at 6.35 -10.01) (layer F.Fab)
      (effects (font (size 1 1) (thickness 0.15)))
    )
    (fp_line (start -4.25 -8) (end -4.25 8) (layer F.CrtYd) (width 0.15))
    (fp_line (start -4.25 8) (end 20.15 8) (layer F.CrtYd) (width 0.15))
    (fp_line (start 20.15 8) (end 20.15 -8) (layer F.CrtYd) (width 0.15))
    (fp_line (start 20.15 -8) (end -4.25 -8) (layer F.CrtYd) (width 0.15))
    (fp_line (start -4.25 -8) (end -13.35 -8) (layer F.CrtYd) (width 0.15))
    (fp_line (start -13.35 -8) (end -13.35 8) (layer F.CrtYd) (width 0.15))
    (fp_line (start -13.35 8) (end -4.25 8) (layer F.CrtYd) (width 0.15))
    (pad SN thru_hole circle (at 0 -5.7) (size 3 3) (drill 1.5) (layers *.Cu *.Mask)
      (net 12 "Net-(J10-PadR)"))
    (pad RN thru_hole circle (at 6.35 -5.7) (size 3 3) (drill 1.5) (layers *.Cu *.Mask)
      (net 12 "Net-(J10-PadR)"))
    (pad TN thru_hole circle (at 12.7 -5.7) (size 3 3) (drill 1.5) (layers *.Cu *.Mask)
      (net 15 "Net-(J10-PadT)"))
    (pad S thru_hole circle (at 0 5.73) (size 3 3) (drill 1.5) (layers *.Cu *.Mask)
      (net 12 "Net-(J10-PadR)"))
    (pad R thru_hole circle (at 6.35 5.73) (size 3 3) (drill 1.5) (layers *.Cu *.Mask)
      (net 12 "Net-(J10-PadR)"))
    (pad T thru_hole circle (at 12.7 5.73) (size 3 3) (drill 1.5) (layers *.Cu *.Mask)
      (net 15 "Net-(J10-PadT)"))
  )

  (module M0VFC:Amphenol_ACJS_MHDR_6.35mm_Jack (layer F.Cu) (tedit 5C016D75) (tstamp 5C32A34F)
    (at 83 136.75)
    (path /5C02C6F6)
    (fp_text reference J11 (at 6.35 -9.01) (layer F.SilkS)
      (effects (font (size 1 1) (thickness 0.15)))
    )
    (fp_text value AudioJack3_Switch (at 6.35 -10.01) (layer F.Fab)
      (effects (font (size 1 1) (thickness 0.15)))
    )
    (fp_line (start -13.35 8) (end -4.25 8) (layer F.CrtYd) (width 0.15))
    (fp_line (start -13.35 -8) (end -13.35 8) (layer F.CrtYd) (width 0.15))
    (fp_line (start -4.25 -8) (end -13.35 -8) (layer F.CrtYd) (width 0.15))
    (fp_line (start 20.15 -8) (end -4.25 -8) (layer F.CrtYd) (width 0.15))
    (fp_line (start 20.15 8) (end 20.15 -8) (layer F.CrtYd) (width 0.15))
    (fp_line (start -4.25 8) (end 20.15 8) (layer F.CrtYd) (width 0.15))
    (fp_line (start -4.25 -8) (end -4.25 8) (layer F.CrtYd) (width 0.15))
    (pad T thru_hole circle (at 12.7 5.73) (size 3 3) (drill 1.5) (layers *.Cu *.Mask)
      (net 16 "Net-(J11-PadT)"))
    (pad R thru_hole circle (at 6.35 5.73) (size 3 3) (drill 1.5) (layers *.Cu *.Mask)
      (net 12 "Net-(J10-PadR)"))
    (pad S thru_hole circle (at 0 5.73) (size 3 3) (drill 1.5) (layers *.Cu *.Mask)
      (net 12 "Net-(J10-PadR)"))
    (pad TN thru_hole circle (at 12.7 -5.7) (size 3 3) (drill 1.5) (layers *.Cu *.Mask)
      (net 16 "Net-(J11-PadT)"))
    (pad RN thru_hole circle (at 6.35 -5.7) (size 3 3) (drill 1.5) (layers *.Cu *.Mask)
      (net 12 "Net-(J10-PadR)"))
    (pad SN thru_hole circle (at 0 -5.7) (size 3 3) (drill 1.5) (layers *.Cu *.Mask)
      (net 12 "Net-(J10-PadR)"))
  )

  (module Resistor_SMD:R_1206_3216Metric_Pad1.42x1.75mm_HandSolder (layer F.Cu) (tedit 5B301BBD) (tstamp 5C32A360)
    (at 160.5 83.25 270)
    (descr "Resistor SMD 1206 (3216 Metric), square (rectangular) end terminal, IPC_7351 nominal with elongated pad for handsoldering. (Body size source: http://www.tortai-tech.com/upload/download/2011102023233369053.pdf), generated with kicad-footprint-generator")
    (tags "resistor handsolder")
    (path /5C062C84)
    (attr smd)
    (fp_text reference R1 (at 0 -1.82 270) (layer F.SilkS)
      (effects (font (size 1 1) (thickness 0.15)))
    )
    (fp_text value R (at 0 1.82 270) (layer F.Fab)
      (effects (font (size 1 1) (thickness 0.15)))
    )
    (fp_text user %R (at 0 0 270) (layer F.Fab)
      (effects (font (size 0.8 0.8) (thickness 0.12)))
    )
    (fp_line (start 2.45 1.12) (end -2.45 1.12) (layer F.CrtYd) (width 0.05))
    (fp_line (start 2.45 -1.12) (end 2.45 1.12) (layer F.CrtYd) (width 0.05))
    (fp_line (start -2.45 -1.12) (end 2.45 -1.12) (layer F.CrtYd) (width 0.05))
    (fp_line (start -2.45 1.12) (end -2.45 -1.12) (layer F.CrtYd) (width 0.05))
    (fp_line (start -0.602064 0.91) (end 0.602064 0.91) (layer F.SilkS) (width 0.12))
    (fp_line (start -0.602064 -0.91) (end 0.602064 -0.91) (layer F.SilkS) (width 0.12))
    (fp_line (start 1.6 0.8) (end -1.6 0.8) (layer F.Fab) (width 0.1))
    (fp_line (start 1.6 -0.8) (end 1.6 0.8) (layer F.Fab) (width 0.1))
    (fp_line (start -1.6 -0.8) (end 1.6 -0.8) (layer F.Fab) (width 0.1))
    (fp_line (start -1.6 0.8) (end -1.6 -0.8) (layer F.Fab) (width 0.1))
    (pad 2 smd roundrect (at 1.4875 0 270) (size 1.425 1.75) (layers F.Cu F.Paste F.Mask) (roundrect_rratio 0.175439)
      (net 4 "Net-(C3-Pad2)"))
    (pad 1 smd roundrect (at -1.4875 0 270) (size 1.425 1.75) (layers F.Cu F.Paste F.Mask) (roundrect_rratio 0.175439)
      (net 3 "Net-(C2-Pad1)"))
    (model ${KISYS3DMOD}/Resistor_SMD.3dshapes/R_1206_3216Metric.wrl
      (at (xyz 0 0 0))
      (scale (xyz 1 1 1))
      (rotate (xyz 0 0 0))
    )
  )

  (module Resistor_SMD:R_1206_3216Metric_Pad1.42x1.75mm_HandSolder (layer F.Cu) (tedit 5B301BBD) (tstamp 5C32B44A)
    (at 156.5 83.25 270)
    (descr "Resistor SMD 1206 (3216 Metric), square (rectangular) end terminal, IPC_7351 nominal with elongated pad for handsoldering. (Body size source: http://www.tortai-tech.com/upload/download/2011102023233369053.pdf), generated with kicad-footprint-generator")
    (tags "resistor handsolder")
    (path /5C062D06)
    (attr smd)
    (fp_text reference R2 (at 0 -1.82 270) (layer F.SilkS)
      (effects (font (size 1 1) (thickness 0.15)))
    )
    (fp_text value R (at 0 1.82 270) (layer F.Fab)
      (effects (font (size 1 1) (thickness 0.15)))
    )
    (fp_line (start -1.6 0.8) (end -1.6 -0.8) (layer F.Fab) (width 0.1))
    (fp_line (start -1.6 -0.8) (end 1.6 -0.8) (layer F.Fab) (width 0.1))
    (fp_line (start 1.6 -0.8) (end 1.6 0.8) (layer F.Fab) (width 0.1))
    (fp_line (start 1.6 0.8) (end -1.6 0.8) (layer F.Fab) (width 0.1))
    (fp_line (start -0.602064 -0.91) (end 0.602064 -0.91) (layer F.SilkS) (width 0.12))
    (fp_line (start -0.602064 0.91) (end 0.602064 0.91) (layer F.SilkS) (width 0.12))
    (fp_line (start -2.45 1.12) (end -2.45 -1.12) (layer F.CrtYd) (width 0.05))
    (fp_line (start -2.45 -1.12) (end 2.45 -1.12) (layer F.CrtYd) (width 0.05))
    (fp_line (start 2.45 -1.12) (end 2.45 1.12) (layer F.CrtYd) (width 0.05))
    (fp_line (start 2.45 1.12) (end -2.45 1.12) (layer F.CrtYd) (width 0.05))
